338
743
356
510
663
772
981
306
564
887
788
998
167
341
004
724
552
349
442
076
694
882
077
373
096
550
779
265
425
183
112
697
774
205
326
934
870
797
969
262
609
941
027
429
736
592
166
375
193
681
811
263
256
873
538
340
173
234
993
421
290
348
723
579
168
607
954
988
662
858
108
814
610
655
839
776
016
859
513
690
052
464
032
920
479
451
891
935
432
996
503
418
469
152
547
799
133
551
387
648
793
693
556
945
319
155
024
190
586
164
400
942
836
215
114
843
867
897
396
569
856
764
667
903
206
449
883
790
331
286
423
302
687
656
651
343
410
872
175
940
910
505
008
358
470
944
813
350
407
509
595
352
542
325
622
422
127
975
494
278
647
482
376
701
502
661
734
235
064
775
226
188
980
823
507
028
063
067
531
544
717
363
157
922
834
987
122
280
210
636
635
581
623
621
137
488
204
869
006
353
140
473
558
835
437
287
582
711
034
370
434
644
355
438
055
236
798
757
892
683
653
463
590
710
905
040
371
125
992
809
130
978
233
324
700
035
073
855
880
198
308
709
399
837
899
906
785
126
641
416
719
372
020
955
001
911
225
246
404
909
216
105
633
602
874
568
160
211
997
310
021
048
092
453
128
097
816
244
492
420
148
223
849
288
516
258
111
984
972
382
986
200
818
841
659
720
637
573
095
497
443
171
041
174
299
901
279
712
318
450
844
501
862
680
699
660
999
896
439
884
139
124
405
238
804
865
815
924
565
957
058
819
132
640
562
638
528
514
398
107
090
787
072
968
949
454
584
588
549
795
274
860
300
078
525
362
946
604
249
476
802
345
339
575
467
101
043
440
714
755
908
742
499
631
643
179
320
087
890
950
045
879
402
298
267
272
628
913
334
203
629
829
023
036
013
626
778
220
209
762
314
354
408
185
347
080
328
046
039
560
620
526
877
729
863
605
850
275
508
928
593
654
665
754
003
477
744
218
596
529
177
894
093
578
231
123
266
759
397
277
285
801
826
961
567
154
475
587
600
005
536
012
458
749
385
611
965
938
162
333
580
054
864
616
739
678
297
533
576
296
383
049
346
952
163
617
380
304
498
532
553
312
828
715
351
335
852
191
554
630
614
327
722
534
974
471
309
143
414
886
917
066
688
026
625
926
603
189
069
030
289
866
075
658
271
462
329
664
958
627
136
237
956
466
050
361
871
708
102
698
212
394
597
591
444
520
431
666
368
303
767
403
229
412
601
273
792
810
269
360
457
546
222
702
428
250
441
390
853
914
496
359
726
253
460
214
291
885
706
500
832
585
019
840
283
227
374
241
159
783
281
506
228
378
545
672
519
430
848
645
321
116
686
342
389
292
557
433
543
796
182
741
369
060
366
937
900
753
705
295
315
923
089
971
646
794
481
512
121
583
881
409
649
960
995
199
707
613
652
197
465
677
153
540
344
838
915
642
822
951
478
436
745
472
377
417
062
541
947
732
169
010
731
559
808
448
260
612
515
973
763
413
927
747
435
393
145
455
079
807
932
485
933
748
750
537
964
336
158
671
727
990
484
230
555
194
293
202
181
142
523
684
966
282
876
721
777
254
002
103
401
916
733
994
176
365
104
018
165
042
919
572
201
131
803
991
053
756
738
566
084
570
925
480
522
301
259
138
384
217
689
033
322
979
151
831
674
419
679
456
676
213
248
606
119
367
232
015
147
718
243
459
912
037
071
129
170
670
186
109
907
760
786
113
696
931
789
921
461
861
257
415
639
530
929
150
875
044
518
902
029
527
685
270
255
977
854
447
007
589
224
082
800
682
833
195
099
317
031
100
081
135
364
307
634
563
208
943
812
669
011
608
594
989
967
782
761
752
144
332
632
468
737
959
264
888
187
668
504
070
824
490
571
817
918
445
196
311
392
074
769
118
704
487
692
446
172
521
791
825
056
703
598
953
474
784
184
051
192
245
539
599
845
673
156
930
904
983
426
976
239
059
294
242
766
330
895
110
086
820
251
535
806
713
985
821
022
091
619
134
657
771
936
284
115
088
868
038
098
878
120
061
316
893
411
846
268
561
773
180
725
827
240
695
178
406
889
323
517
146
857
524
730
221
381
962
117
427
424
106
395
650
982
219
068
842
057
963
781
805
357
770
486
276
493
085
758
083
017
386
615
780
675
313
624
388
765
939
065
746
094
261
948
728
252
851
970
141
014
391
691
247
716
898
483
489
740
161
830
025
149
495
491
009
047
618
577
452
207
768
751
574
548
305
735
847
511
337
379